0.010 0.010 0.000 0.000 0.000 0.000 0.000 -2.356 -1.571 0.010 0.010 0.010 0.010 0.010 0.010 0.010 0.010 0.010
0.017 0.017 0.007 0.007 0.007 0.007 0.007 -2.349 -1.564 0.010 0.010 0.010 0.010 0.010 0.010 0.010 0.011 0.009
0.024 0.023 0.013 0.014 0.013 0.013 0.013 -2.342 -1.558 0.010 0.010 0.010 0.010 0.010 0.010 0.010 0.011 0.008
0.030 0.030 0.020 0.020 0.020 0.020 0.020 -2.334 -1.553 0.010 0.010 0.010 0.010 0.010 0.010 0.010 0.012 0.007
0.037 0.037 0.027 0.027 0.026 0.027 0.026 -2.326 -1.548 0.010 0.010 0.010 0.010 0.010 0.010 0.009 0.013 0.007
0.044 0.044 0.034 0.034 0.033 0.034 0.032 -2.317 -1.544 0.010 0.010 0.010 0.010 0.009 0.010 0.009 0.013 0.006
0.051 0.050 0.040 0.041 0.039 0.040 0.039 -2.308 -1.540 0.010 0.010 0.010 0.010 0.009 0.010 0.009 0.014 0.005
0.058 0.057 0.047 0.048 0.045 0.047 0.045 -2.299 -1.537 0.010 0.010 0.010 0.010 0.009 0.010 0.009 0.014 0.004
0.065 0.064 0.054 0.055 0.052 0.054 0.050 -2.289 -1.535 0.010 0.010 0.010 0.010 0.009 0.010 0.009 0.015 0.004
0.072 0.070 0.060 0.062 0.058 0.060 0.056 -2.279 -1.533 0.011 0.010 0.010 0.010 0.009 0.010 0.008 0.015 0.003
0.079 0.077 0.067 0.069 0.064 0.067 0.062 -2.268 -1.531 0.011 0.010 0.010 0.010 0.009 0.010 0.008 0.016 0.002
0.087 0.083 0.074 0.076 0.070 0.074 0.067 -2.258 -1.530 0.011 0.010 0.010 0.011 0.009 0.010 0.008 0.016 0.001
0.094 0.090 0.081 0.083 0.076 0.080 0.072 -2.247 -1.529 0.011 0.010 0.010 0.011 0.009 0.010 0.008 0.017 0.001
0.101 0.097 0.087 0.090 0.082 0.087 0.077 -2.235 -1.529 0.011 0.010 0.010 0.011 0.009 0.010 0.007 0.017 0.000
0.108 0.103 0.094 0.098 0.087 0.093 0.082 -2.224 -1.529 0.011 0.010 0.010 0.011 0.008 0.010 0.007 0.017 -0.001
0.116 0.110 0.101 0.105 0.093 0.100 0.086 -2.212 -1.530 0.011 0.010 0.010 0.011 0.008 0.010 0.007 0.018 -0.001
0.123 0.116 0.107 0.112 0.099 0.107 0.091 -2.200 -1.531 0.011 0.010 0.010 0.011 0.008 0.010 0.006 0.018 -0.002
0.131 0.123 0.114 0.119 0.104 0.113 0.095 -2.187 -1.532 0.011 0.010 0.010 0.011 0.008 0.010 0.006 0.018 -0.002
0.138 0.129 0.121 0.126 0.110 0.120 0.099 -2.175 -1.534 0.011 0.010 0.010 0.011 0.008 0.010 0.006 0.019 -0.003
0.146 0.136 0.127 0.134 0.115 0.126 0.103 -2.162 -1.536 0.011 0.010 0.010 0.011 0.008 0.010 0.005 0.019 -0.004
0.153 0.142 0.134 0.141 0.120 0.133 0.106 -2.149 -1.539 0.011 0.010 0.010 0.011 0.008 0.010 0.005 0.019 -0.004
0.161 0.149 0.141 0.148 0.126 0.139 0.110 -2.136 -1.542 0.011 0.010 0.010 0.011 0.008 0.010 0.005 0.019 -0.005
0.169 0.155 0.147 0.156 0.131 0.146 0.113 -2.123 -1.545 0.011 0.010 0.010 0.011 0.008 0.010 0.005 0.020 -0.005
0.176 0.162 0.154 0.163 0.136 0.152 0.116 -2.110 -1.548 0.011 0.010 0.010 0.011 0.007 0.010 0.004 0.020 -0.005
0.184 0.168 0.161 0.171 0.141 0.159 0.119 -2.097 -1.552 0.012 0.010 0.010 0.011 0.007 0.010 0.004 0.020 -0.006
0.192 0.174 0.167 0.178 0.146 0.165 0.121 -2.083 -1.556 0.012 0.010 0.010 0.011 0.007 0.010 0.004 0.020 -0.006
0.200 0.181 0.174 0.186 0.150 0.172 0.124 -2.070 -1.561 0.012 0.009 0.010 0.011 0.007 0.010 0.003 0.020 -0.007
0.208 0.187 0.181 0.193 0.155 0.178 0.126 -2.056 -1.565 0.012 0.009 0.010 0.011 0.007 0.010 0.003 0.020 -0.007
0.215 0.194 0.187 0.201 0.160 0.184 0.128 -2.042 -1.570 0.012 0.009 0.010 0.011 0.007 0.009 0.003 0.020 -0.007
0.223 0.200 0.194 0.208 0.164 0.191 0.130 -2.029 -1.575 0.012 0.009 0.010 0.011 0.007 0.009 0.003 0.020 -0.008
0.231 0.206 0.201 0.216 0.169 0.197 0.131 -2.015 -1.581 0.012 0.009 0.010 0.011 0.007 0.009 0.002 0.020 -0.008
0.239 0.213 0.207 0.223 0.173 0.204 0.133 -2.001 -1.586 0.012 0.009 0.010 0.011 0.006 0.009 0.002 0.021 -0.008
0.248 0.219 0.214 0.231 0.178 0.210 0.134 -1.987 -1.592 0.012 0.009 0.010 0.011 0.006 0.009 0.002 0.021 -0.009
0.256 0.225 0.221 0.239 0.182 0.216 0.135 -1.973 -1.598 0.012 0.009 0.010 0.011 0.006 0.009 0.002 0.021 -0.009
0.264 0.232 0.227 0.246 0.186 0.223 0.136 -1.959 -1.604 0.012 0.009 0.010 0.011 0.006 0.009 0.001 0.021 -0.009
0.272 0.238 0.234 0.254 0.190 0.229 0.137 -1.946 -1.610 0.012 0.009 0.010 0.011 0.006 0.009 0.001 0.020 -0.009
0.280 0.244 0.241 0.262 0.194 0.235 0.138 -1.932 -1.616 0.012 0.009 0.010 0.011 0.006 0.009 0.001 0.020 -0.010
0.289 0.250 0.247 0.270 0.198 0.241 0.138 -1.918 -1.623 0.012 0.009 0.010 0.012 0.006 0.009 0.001 0.020 -0.010
0.297 0.257 0.254 0.277 0.202 0.248 0.138 -1.904 -1.630 0.012 0.009 0.010 0.012 0.006 0.009 0.000 0.020 -0.010
0.305 0.263 0.261 0.285 0.206 0.254 0.138 -1.891 -1.636 0.012 0.009 0.010 0.012 0.006 0.009 0.000 0.020 -0.010
0.314 0.269 0.267 0.293 0.209 0.260 0.138 -1.877 -1.643 0.012 0.009 0.010 0.012 0.005 0.009 -0.000 0.020 -0.010
0.322 0.275 0.274 0.301 0.213 0.266 0.138 -1.863 -1.650 0.013 0.009 0.010 0.012 0.005 0.009 -0.000 0.020 -0.010
0.331 0.282 0.281 0.309 0.216 0.273 0.138 -1.850 -1.657 0.013 0.009 0.010 0.012 0.005 0.009 -0.001 0.020 -0.011
0.339 0.288 0.287 0.317 0.220 0.279 0.137 -1.836 -1.664 0.013 0.009 0.010 0.012 0.005 0.009 -0.001 0.020 -0.011
0.348 0.294 0.294 0.324 0.223 0.285 0.137 -1.823 -1.672 0.013 0.009 0.010 0.012 0.005 0.009 -0.001 0.020 -0.011
0.356 0.300 0.300 0.332 0.226 0.291 0.136 -1.810 -1.679 0.013 0.009 0.010 0.012 0.005 0.009 -0.001 0.020 -0.011
0.365 0.306 0.307 0.340 0.230 0.297 0.135 -1.796 -1.686 0.013 0.009 0.010 0.012 0.005 0.009 -0.001 0.020 -0.011
0.373 0.313 0.314 0.348 0.233 0.303 0.135 -1.783 -1.694 0.013 0.009 0.010 0.012 0.005 0.009 -0.001 0.019 -0.011
0.382 0.319 0.320 0.356 0.236 0.309 0.133 -1.770 -1.701 0.013 0.009 0.010 0.012 0.004 0.009 -0.002 0.019 -0.011
0.391 0.325 0.327 0.364 0.239 0.315 0.132 -1.757 -1.709 0.013 0.009 0.010 0.012 0.004 0.009 -0.002 0.019 -0.011
0.400 0.331 0.334 0.373 0.242 0.322 0.131 -1.744 -1.716 0.013 0.009 0.010 0.012 0.004 0.009 -0.002 0.019 -0.011
0.408 0.337 0.340 0.381 0.244 0.328 0.130 -1.731 -1.724 0.013 0.009 0.010 0.012 0.004 0.009 -0.002 0.019 -0.011
0.417 0.343 0.347 0.389 0.247 0.334 0.128 -1.719 -1.732 0.013 0.009 0.010 0.012 0.004 0.009 -0.002 0.019 -0.011
0.426 0.349 0.353 0.397 0.250 0.340 0.127 -1.706 -1.739 0.013 0.009 0.010 0.012 0.004 0.009 -0.002 0.019 -0.011
0.435 0.356 0.360 0.405 0.252 0.346 0.125 -1.694 -1.747 0.013 0.009 0.010 0.012 0.004 0.009 -0.002 0.018 -0.011
0.444 0.362 0.367 0.413 0.255 0.352 0.123 -1.681 -1.755 0.013 0.009 0.010 0.012 0.004 0.009 -0.003 0.018 -0.011
0.453 0.368 0.373 0.421 0.257 0.358 0.122 -1.669 -1.762 0.013 0.009 0.010 0.012 0.003 0.009 -0.003 0.018 -0.011
0.462 0.374 0.380 0.429 0.259 0.364 0.120 -1.657 -1.770 0.013 0.009 0.010 0.012 0.003 0.009 -0.003 0.018 -0.012
0.471 0.380 0.387 0.438 0.262 0.370 0.118 -1.645 -1.778 0.013 0.009 0.010 0.012 0.003 0.009 -0.003 0.018 -0.012
0.480 0.386 0.393 0.446 0.264 0.376 0.116 -1.633 -1.786 0.013 0.009 0.010 0.012 0.003 0.009 -0.003 0.018 -0.012
0.489 0.392 0.400 0.454 0.266 0.382 0.114 -1.621 -1.793 0.013 0.009 0.010 0.012 0.003 0.009 -0.003 0.017 -0.012
0.498 0.398 0.406 0.462 0.268 0.387 0.112 -1.609 -1.801 0.013 0.009 0.010 0.012 0.003 0.009 -0.003 0.017 -0.012
0.507 0.404 0.413 0.471 0.270 0.393 0.110 -1.598 -1.809 0.014 0.009 0.010 0.012 0.003 0.009 -0.003 0.017 -0.012
0.516 0.410 0.420 0.479 0.271 0.399 0.107 -1.587 -1.817 0.014 0.009 0.010 0.012 0.003 0.009 -0.003 0.017 -0.012
0.525 0.416 0.426 0.487 0.273 0.405 0.105 -1.575 -1.825 0.014 0.009 0.010 0.012 0.003 0.009 -0.003 0.017 -0.012
0.534 0.422 0.433 0.496 0.275 0.411 0.103 -1.564 -1.832 0.014 0.009 0.010 0.012 0.002 0.009 -0.003 0.016 -0.011
0.544 0.428 0.439 0.504 0.277 0.417 0.100 -1.553 -1.840 0.014 0.009 0.010 0.012 0.002 0.009 -0.004 0.016 -0.011
0.553 0.435 0.446 0.513 0.278 0.423 0.098 -1.542 -1.848 0.014 0.009 0.010 0.012 0.002 0.009 -0.004 0.016 -0.011
0.562 0.441 0.452 0.521 0.280 0.429 0.096 -1.531 -1.856 0.014 0.009 0.010 0.012 0.002 0.009 -0.004 0.016 -0.011
0.571 0.447 0.459 0.529 0.281 0.434 0.093 -1.521 -1.863 0.014 0.009 0.010 0.012 0.002 0.009 -0.004 0.016 -0.011
0.581 0.453 0.466 0.538 0.282 0.440 0.091 -1.510 -1.871 0.014 0.009 0.010 0.013 0.002 0.009 -0.004 0.016 -0.011
0.590 0.459 0.472 0.546 0.283 0.446 0.088 -1.500 -1.879 0.014 0.009 0.010 0.013 0.002 0.009 -0.004 0.015 -0.011
0.599 0.465 0.479 0.555 0.285 0.452 0.086 -1.489 -1.886 0.014 0.009 0.010 0.013 0.002 0.009 -0.004 0.015 -0.011
0.609 0.471 0.485 0.563 0.286 0.458 0.083 -1.479 -1.894 0.014 0.009 0.010 0.013 0.002 0.009 -0.004 0.015 -0.011
0.618 0.477 0.492 0.572 0.287 0.463 0.080 -1.469 -1.901 0.014 0.009 0.010 0.013 0.001 0.009 -0.004 0.015 -0.011
0.628 0.483 0.498 0.580 0.287 0.469 0.078 -1.459 -1.909 0.014 0.009 0.010 0.013 0.001 0.009 -0.004 0.015 -0.011
0.637 0.489 0.505 0.589 0.288 0.475 0.075 -1.449 -1.916 0.014 0.009 0.010 0.013 0.001 0.009 -0.004 0.014 -0.011
0.647 0.495 0.512 0.597 0.289 0.481 0.073 -1.440 -1.924 0.014 0.009 0.010 0.013 0.001 0.008 -0.004 0.014 -0.011
0.656 0.501 0.518 0.606 0.290 0.486 0.070 -1.430 -1.931 0.014 0.009 0.010 0.013 0.001 0.008 -0.004 0.014 -0.011
0.666 0.507 0.525 0.614 0.290 0.492 0.067 -1.421 -1.939 0.014 0.009 0.010 0.013 0.001 0.008 -0.004 0.014 -0.011
0.675 0.513 0.531 0.623 0.291 0.498 0.065 -1.411 -1.946 0.014 0.009 0.010 0.013 0.001 0.008 -0.004 0.014 -0.011
0.685 0.519 0.538 0.631 0.291 0.503 0.062 -1.402 -1.954 0.014 0.009 0.010 0.013 0.001 0.008 -0.004 0.014 -0.011
0.694 0.525 0.544 0.640 0.292 0.509 0.060 -1.393 -1.961 0.014 0.009 0.010 0.013 0.001 0.008 -0.004 0.013 -0.011
0.704 0.531 0.551 0.648 0.292 0.515 0.057 -1.384 -1.968 0.014 0.009 0.010 0.013 0.000 0.008 -0.004 0.013 -0.011
0.713 0.536 0.557 0.657 0.292 0.520 0.054 -1.375 -1.976 0.014 0.009 0.010 0.013 0.000 0.008 -0.004 0.013 -0.011
0.723 0.542 0.564 0.666 0.293 0.526 0.052 -1.367 -1.983 0.014 0.009 0.010 0.013 0.000 0.008 -0.004 0.013 -0.011
0.733 0.548 0.570 0.674 0.293 0.532 0.049 -1.358 -1.990 0.014 0.009 0.010 0.013 0.000 0.008 -0.004 0.013 -0.011
0.742 0.554 0.577 0.683 0.293 0.537 0.047 -1.349 -1.997 0.014 0.009 0.010 0.013 -0.000 0.008 -0.004 0.012 -0.011
0.752 0.560 0.583 0.691 0.293 0.543 0.044 -1.341 -2.004 0.014 0.009 0.010 0.013 -0.000 0.008 -0.004 0.012 -0.011
0.762 0.566 0.590 0.700 0.293 0.549 0.041 -1.333 -2.012 0.014 0.009 0.010 0.013 -0.000 0.008 -0.004 0.012 -0.011
